600 100 2.5 2. 2 5.740912561730621
600 100 2.5 2. 3 6.042059916040318
600 100 2.5 2. 4 6.267364343379365
600 100 2.5 2.25 2 6.894402713383867
600 100 2.5 2.25 3 7.197871150669145
600 100 2.5 2.25 4 7.424740501582261
600 100 2.5 2.5 2 8.11578597499895
600 100 2.5 2.5 3 8.42113813384382
600 100 2.5 2.5 4 8.649460749114219
600 100 2.5 2.75 2 9.404331229352627
600 100 2.5 2.75 3 9.711698241561647
600 100 2.5 2.75 4 9.941677737453698
600 100 2.5 3. 2 10.760491931422536
600 100 2.5 3. 3 11.070279723133403
600 100 2.5 3. 4 11.302281560996862
600 100 2.75 2. 2 6.894402713383867
600 100 2.75 2. 3 7.197871150669145
600 100 2.75 2. 4 7.424740501582261
600 100 2.75 2.25 2 8.11578597499895
600 100 2.75 2.25 3 8.42113813384382
600 100 2.75 2.25 4 8.649460749114219
600 100 2.75 2.5 2 9.404331229352627
600 100 2.75 2.5 3 9.711698241561647
600 100 2.75 2.5 4 9.941677737453698
600 100 2.75 2.75 2 10.760491931422536
600 100 2.75 2.75 3 11.070279723133403
600 100 2.75 2.75 4 11.302281560996862
600 100 2.75 3. 2 12.185325490979809
600 100 2.75 3. 3 12.498090664848398
600 100 2.75 3. 4 12.732579200064947
600 100 3. 2. 2 8.11578597499895
600 100 3. 2. 3 8.42113813384382
600 100 3. 2. 4 8.649460749114219
600 100 3. 2.25 2 9.404331229352627
600 100 3. 2.25 3 9.711698241561647
600 100 3. 2.25 4 9.941677737453698
600 100 3. 2.5 2 10.760491931422536
600 100 3. 2.5 3 11.070279723133403
600 100 3. 2.5 4 11.302281560996862
600 100 3. 2.75 2 12.185325490979809
600 100 3. 2.75 3 12.498090664848398
600 100 3. 2.75 4 12.732579200064947
600 100 3. 3. 2 13.680238785457416
600 100 3. 3. 3 13.99664516976857
600 100 3. 3. 4 14.234163317139656