0.03654198 2.17587674
0.10962595 1.84070838
0.18270991 1.60207886
0.25579387 1.38622527
0.32887784 1.14837220
0.40196180 0.98221152
0.47504576 0.79068674
0.54812973 0.67214843
0.62121369 0.58208003
0.69429765 0.45836537
0.76738162 0.39107289
0.84046558 0.30281620
0.91354954 0.25778200
0.98663351 0.21766532
1.05971747 0.17185466
1.13280143 0.13717315
1.20588540 0.10818562
1.27896936 0.09705647
1.35205332 0.07324529
1.42513729 0.05331636
1.49822125 0.04529302
1.57130521 0.03985786
1.64438918 0.03054044
1.71747314 0.02614054
1.79055710 0.01475258
1.86364107 0.01785839
1.93672503 0.01035269
2.00980899 0.01216441
2.08289296 0.00802334
2.15597692 0.00595280
2.22906088 0.00388226
2.30214485 0.00517635
2.37522881 0.00362344
2.44831277 0.00232936
2.52139674 0.00181172
2.59448070 0.00155290
2.66756466 0.00025882
2.74064863 0.00025882
2.81373259 0.00155290
2.88681655 0.00025882
2.95990052 0.00077645
3.03298448 0.00000000
3.10606844 0.00000000
3.17915241 0.00077645
3.25223637 0.00000000
3.32532033 0.00000000
3.39840430 0.00000000
3.47148826 0.00051763
3.54457222 0.00000000
3.61765619 0.00025882
