0.06613516 0.30605971
0.19840347 0.36209689
0.33067178 0.40451629
0.46294010 0.41268696
0.59520841 0.44673142
0.72747672 0.45156574
0.85974504 0.45830654
0.99201335 0.45265516
1.12428166 0.44979543
1.25654998 0.42017674
1.38881829 0.40519718
1.52108660 0.36713547
1.65335492 0.34548320
1.78562323 0.31531980
1.91789154 0.27664529
2.05015986 0.24396261
2.18242817 0.21815691
2.31469649 0.18908294
2.44696480 0.18016329
2.57923311 0.14182923
2.71150143 0.12147064
2.84376974 0.10335899
2.97603805 0.08545160
3.10830637 0.07714475
3.24057468 0.06128003
3.37284299 0.05072625
3.50511131 0.04412162
3.63737962 0.03622331
3.76964793 0.02737175
3.90191625 0.02294597
4.03418456 0.01886063
4.16645287 0.01497956
4.29872119 0.01266454
4.43098950 0.00905583
4.56325781 0.00755787
4.69552613 0.00497049
4.82779444 0.00428960
4.96006275 0.00326827
5.09233107 0.00177031
5.22459938 0.00115751
5.35686769 0.00122560
5.48913601 0.00074898
5.62140432 0.00040853
5.75367263 0.00047662
5.88594095 0.00068089
6.01820926 0.00027236
6.15047757 0.00013618
6.28274589 0.00006809
6.41501420 0.00000000
6.54728252 0.00013618
